%YAML:1.0
calibration_time: "2011\xff\xff\xff01\xff\xff\xff04\xff\xff\xff 12\xff\xff\xff35\xff\xff\xff53\xff\xff\xff"
nframes: 10
image_width: 640
image_height: 480
board_width: 8
board_height: 6
square_size: 3.5500001162290573e-02
flags: 0
camera_matrix: !!opencv-matrix
   rows: 3
   cols: 3
   dt: d
   data: [ 6.9087198143883597e+02, 0., 2.8144865187825843e+02, 0.,
       6.8782081798955699e+02, 2.4274858622336447e+02, 0., 0., 1. ]
distortion_coefficients: !!opencv-matrix
   rows: 5
   cols: 1
   dt: d
   data: [ 3.1273416176014168e-01, -2.3395447084321725e+00,
       1.7084853823547406e-03, -1.1105437688004349e-02,
       5.8901970229878939e+00 ]
avg_reprojection_error: 2.1139592801571396e+00
per_view_reprojection_errors: !!opencv-matrix
   rows: 10
   cols: 1
   dt: f
   data: [ 2.32626945e-01, 3.22594553e-01, 5.22851348e-01,
       5.68466127e-01, 4.29263383e-01, 4.09682178e+00, 4.16907489e-01,
       4.04312998e-01, 1.75898135e+00, 4.85118723e+00 ]
# a set of 6-tuples (rotation vector + translation vector) for each view
extrinsic_parameters: !!opencv-matrix
   rows: 10
   cols: 6
   dt: f
   data: [ -3.79224144e+18, -1.50994051e+00, 8.80572944e+12,
       -1.40608847e+00, -1.17095518e-15, 1.76257026e+00, 7.77466913e-34,
       -1.49259400e+00, -4.41809464e+01, -1.44223571e+00,
       -8.19170164e-05, 1.73727286e+00, 7.52569292e-15, -1.41118908e+00,
       -1.43977757e+29, -1.31741512e+00, 4.06631880e-04, 1.70257723e+00,
       2.56442590e-21, -1.24149048e+00, -8.21041107e+00, -1.40145373e+00,
       -2.59069886e-35, 1.66519797e+00, -7.94221136e-19, -1.50044227e+00,
       2.12434056e+23, -1.39503741e+00, 5.73038071e-37, 1.71394837e+00,
       -1.96504743e-10, -1.16940773e+00, 7.36246801e+22, -1.37228918e+00,
       -4.08590637e-08, 1.78292990e+00, -1.00396783e-11, -1.43563366e+00,
       -1.89241407e-28, -1.41179049e+00, 3.40507799e+30, 1.69481730e+00,
       -3.53053849e+25, -1.45073569e+00, 9.22305373e+18, -1.15248775e+00,
       -1.70119385e-14, 1.69478440e+00, 3.99946116e+33, 1.29803228e+00,
       -1.42095137e+01, -1.25174952e+00, 1.03770481e-38, 1.80202866e+00,
       -37334052., -1.54512095e+00, 1.47787778e+37, 1.12638569e+00,
       7.98896818e-33, 1.76450479e+00 ]
image_points: !!opencv-matrix
   rows: 10
   cols: 48
   dt: "2f"
   data: [ 1.08645248e+02, 1.43576462e+02, 1.55135437e+02,
       1.41318161e+02, 2.00090866e+02, 1.38811569e+02, 2.43758545e+02,
       1.36545044e+02, 2.86348785e+02, 1.34230408e+02, 3.27612091e+02,
       1.31823730e+02, 3.68381470e+02, 1.29496689e+02, 4.07922699e+02,
       1.27239632e+02, 1.12562706e+02, 1.87537064e+02, 1.59143097e+02,
       1.84457001e+02, 2.04481140e+02, 1.81546646e+02, 2.48502823e+02,
       1.78547073e+02, 2.91289429e+02, 1.75796143e+02, 3.32855194e+02,
       1.72724899e+02, 3.73861664e+02, 1.70031982e+02, 4.14032318e+02,
       1.67435196e+02, 1.16139259e+02, 2.32235886e+02, 1.63295334e+02,
       2.28504852e+02, 2.09006561e+02, 2.24746185e+02, 2.53503433e+02,
       2.21302490e+02, 2.96451965e+02, 2.17850677e+02, 3.38226227e+02,
       2.14611374e+02, 3.79374969e+02, 2.11246521e+02, 4.19617798e+02,
       2.08174896e+02, 1.19848999e+02, 2.77739624e+02, 1.67204803e+02,
       2.73275146e+02, 2.13301758e+02, 2.69047974e+02, 2.58032104e+02,
       2.64836945e+02, 3.01579865e+02, 2.60769562e+02, 3.43649048e+02,
       2.56820587e+02, 3.85219330e+02, 2.53051437e+02, 4.25625305e+02,
       2.49350525e+02, 1.23241447e+02, 3.23953156e+02, 1.71141708e+02,
       3.18818237e+02, 2.17701630e+02, 3.13881958e+02, 2.62676849e+02,
       3.09051819e+02, 3.06529785e+02, 3.04570526e+02, 3.49107147e+02,
       3.00131653e+02, 3.90755005e+02, 2.95655273e+02, 4.31592682e+02,
       2.91649323e+02, 1.26524353e+02, 3.71572021e+02, 1.74758072e+02,
       3.65584076e+02, 2.21717178e+02, 3.59952423e+02, 2.67507690e+02,
       3.54424561e+02, 3.11713226e+02, 3.49217560e+02, 3.54567261e+02,
       3.44140106e+02, 3.96853607e+02, 3.39307922e+02, 4.38003174e+02,
       3.34678101e+02, 1.00782364e+02, 1.00915565e+02, 1.53980667e+02,
       1.02331917e+02, 2.07165115e+02, 1.03833595e+02, 2.59589874e+02,
       1.05128151e+02, 3.11802338e+02, 1.06213860e+02, 3.62984894e+02,
       1.07345268e+02, 4.14757965e+02, 1.08488091e+02, 4.66113556e+02,
       1.09475937e+02, 1.08599380e+02, 1.45324600e+02, 1.59514160e+02,
       1.46770050e+02, 2.10070007e+02, 1.47973572e+02, 2.59925262e+02,
       1.49248123e+02, 3.09594818e+02, 1.50043900e+02, 3.58575470e+02,
       1.51230560e+02, 4.07799011e+02, 1.52230057e+02, 4.56938171e+02,
       1.53230438e+02, 1.15595169e+02, 1.85886917e+02, 1.64380478e+02,
       1.86931625e+02, 2.12409744e+02, 1.88049500e+02, 2.60429321e+02,
       1.89053650e+02, 3.07713593e+02, 1.89878281e+02, 3.54634857e+02,
       1.90693085e+02, 4.01545868e+02, 1.91605148e+02, 4.48492035e+02,
       1.92664749e+02, 1.22299164e+02, 2.22646500e+02, 1.68619690e+02,
       2.23701355e+02, 2.14968933e+02, 2.24590591e+02, 2.60533722e+02,
       2.25542847e+02, 3.05844452e+02, 2.26319672e+02, 3.50779175e+02,
       2.27058990e+02, 3.95740875e+02, 2.28267212e+02, 4.40667755e+02,
       2.28890854e+02, 1.28232864e+02, 2.56565948e+02, 1.72764496e+02,
       2.57256775e+02, 2.16730133e+02, 2.57967743e+02, 2.60788025e+02,
       2.58686340e+02, 3.04027771e+02, 2.59388367e+02, 3.47517700e+02,
       2.60317963e+02, 3.90406708e+02, 2.61123596e+02, 4.33770905e+02,
       2.61675293e+02, 1.33525375e+02, 2.87426849e+02, 1.76160980e+02,
       2.87610626e+02, 2.18677551e+02, 2.88435669e+02, 2.60635437e+02,
       2.89190887e+02, 3.02752563e+02, 2.89728699e+02, 3.43886047e+02,
       2.90825592e+02, 3.85497803e+02, 2.91672607e+02, 4.27009247e+02,
       2.92312836e+02, 1.41311661e+02, 1.58858307e+02, 2.03551331e+02,
       1.62069580e+02, 2.64837006e+02, 1.64908813e+02, 3.25248230e+02,
       1.67664276e+02, 3.84974854e+02, 1.70251038e+02, 4.44033295e+02,
       1.72674072e+02, 5.02501526e+02, 1.75210297e+02, 5.61441956e+02,
       1.77633072e+02, 1.41762619e+02, 2.19135849e+02, 2.02969193e+02,
       2.21594040e+02, 2.62496216e+02, 2.24251541e+02, 3.22298126e+02,
       2.26581390e+02, 3.80574554e+02, 2.28552795e+02, 4.38104767e+02,
       2.30892303e+02, 4.95899933e+02, 2.33182709e+02, 5.53518921e+02,
       2.35481033e+02, 1.42183670e+02, 2.76615448e+02, 2.02105484e+02,
       2.78480499e+02, 2.60654266e+02, 2.80559021e+02, 3.18375793e+02,
       2.82855621e+02, 3.75916840e+02, 2.84415314e+02, 4.32695648e+02,
       2.86567444e+02, 4.89178192e+02, 2.88603180e+02, 5.45845215e+02,
       2.90668274e+02, 1.42263336e+02, 3.31863953e+02, 2.01084396e+02,
       3.33278412e+02, 2.58587128e+02, 3.34945740e+02, 3.15669830e+02,
       3.36633057e+02, 3.71622253e+02, 3.38346863e+02, 4.27395691e+02,
       3.40069611e+02, 4.83656067e+02, 3.41616699e+02, 5.38443176e+02,
       3.43697266e+02, 1.42411865e+02, 3.84728119e+02, 1.99718643e+02,
       3.86083008e+02, 2.56736877e+02, 3.87380371e+02, 3.12196838e+02,
       3.88654816e+02, 3.67842651e+02, 3.89987122e+02, 4.22099426e+02,
       3.91642365e+02, 4.77255157e+02, 3.93366119e+02, 5.30823853e+02,
       3.94768524e+02, 1.42478760e+02, 4.35458099e+02, 1.98735870e+02,
       4.36490234e+02, 2.54337799e+02, 4.37564728e+02, 3.09342438e+02,
       4.38526154e+02, 3.63541321e+02, 4.39859924e+02, 4.17376282e+02,
       4.41002197e+02, 4.70978027e+02, 4.42578278e+02, 5.23772888e+02,
       4.43615479e+02, 2.17266937e+02, 8.28650589e+01, 2.74269501e+02,
       1.00606346e+02, 3.23736786e+02, 1.16174484e+02, 3.67572723e+02,
       1.29925888e+02, 4.06331970e+02, 1.42127502e+02, 4.40968079e+02,
       1.52730591e+02, 4.72245117e+02, 1.61510422e+02, 5.01214478e+02,
       1.70344406e+02, 2.15598663e+02, 1.56509354e+02, 2.73199249e+02,
       1.69524139e+02, 3.23519012e+02, 1.80724564e+02, 3.67699341e+02,
       1.90542023e+02, 4.06675201e+02, 1.99505524e+02, 4.41681702e+02,
       2.06902359e+02, 4.73925446e+02, 2.14615814e+02, 5.02293976e+02,
